3744
4351
4450
4451
5242
6418
7817
8521
9514
9824
13534
15527
16720
19623
19627
22337
23904
24198
25266
27272
28191
30086
30373
30378
31529
32524
36808
37242
41046
42472
49837
51320
51918
52288
57944
57946
57948
57972
58135
61970
63075
63274
64439
65192
67878
71173
72814
72815
72816
72817
72818
72819
72820
72821
82526
83313
84501
88890
90159
90177
90179
90202
90203
90205
90228
90241
90251
90278
90298
90318
90333
90337
90339
90341
90358
90360
90385
90400
90406
90425
90464
90485
90507
90517
90521
90526
90535
90540
90563
90591
90604
90611
90643
90645
90701
90708
90715
90731
90739
90748
90783
90835
90845
90846
90847
90853
90874
90893
90896
90898
90905
90914
90940
90943
90994
91006
91019
91020
91055
91065
91084
91095
91121
91164
91169
91225
91265
91281
91329
91368
91373
91417
91440
91444
91455
91492
91495
91524
91539
91555
91565
91582
91604
91619
91621
91625
91629
91630
91648
91688
91689
91690
91705
91706
91717
91723
91756
91758
91769
91803
91807
91811
91858
91860
91896
91906
91909
91938
91969
92001
92040
92044
92052
92072
92082
92111
92113
92129
92132
92141
92153
92157
92191
92194
92269
92336
92359
92367
92369
92381
92394
92414
92423
92424
92448
92450
92459
92522
92546
92583
92601
92618
92638
92645
92657
92668
92684
92692
92706
92728
92730
92746
92747
92750
92772
92773
92783
92806
92827
92837
92843
92844
92855
92856
92863
92874
92883
92922
92931
92937
92938
92953
92958
92960
92995
93007
93027
93039
93046
93078
93098
93109
93110
93123
93164
93165
93168
93175
93184
93185
93204
93209
93214
93215
93218
93234
93246
93247
93254
93255
93272
93281
93398
93400
93411
93419
93422
93424
93428
93443
93450
93458
93469
93487
93589
93595
93608
93634
93675
93765
93769
93803
93824
93836
93862
93943
93947
93978
94005
94096
94148
94159
94186
94208
94245
94258
94297
94323
94331
94359
94371
94372
94384
94404
94427
94428
94440
94444
94455
94463
94478
94541
94551
94623
94627
94634
94679
94762
94765
94795
94809
94856
94862
94871
94923
94933
94942
94955
94977
94981
94999
95054
95057
95088
95155
95178
95226
95239
95256
95257
95289
95329
95332
95361
95424
95563
95565
95595
95633
95635
95668
95682
95715
95776
95786
95811
95823
95827
95841
95870
95885
95910
95914
95969
95983
96035
96079
96086
96115
96118
96222
96320
96391
96426
96457
96459
96514
96533
96552
96603
96609
96626
96636
96650
96662
96663
96673
96683
96698
96700
96707
96747
96756
96776
96789
96835
96884
96898
96903
96910
96915
96937
96941
96951
96955
96984
96990
96999
97006
97049
97057
97062
97063
97066
97092
97118
97153
97178
97181
97303
97331
97409
97438
97464
97534
97555
97559
97614
97668
97696
97709
97714
97722
97723
97735
97771
97808
97813
97851
97869
97870
97896
97919
97929
97967
97970
97989
97991
98008
98037
98069
98084
98116
98119
98156
98167
98168
98170
98178
98246
98321
98373
98430
98434
98459
98483
98530
98532
98533
98538
98555
98584
98585
98594
98612
98613
98633
98645
98646
98740
98741
98766
98777
98809
98836
98862
98866
98877
98896
98921
98963
98964
99018
99070
99071
99098
99101
99171
99215
99220
99228
99291
99317
99382
99416
99422
99424
99474
99498
99507
99508
99529
99557
99566
99618
99635
99643
99724
99737
99766
99776
99819
99820
99923
100054
100055
100087
100165
100197
100322
100376
100391
100393
100424
100427
100506
100567
100586
100601
100715
100721
100735
100851
100904
100922
100930
100954
100972
100991
100998
101022
101032
101039
101119
101159
101170
101171
101180
101192
101204
101213
101230
101337
101390
101442
101443
101447
101469
101529
101611
101666
101697
101799
101819
101965
102019
102063
102090
102108
102277
102362
102384
102396
102398
102400
102408
102411
102441
102456
102502
102504
102557
102601
102705
102740
102758
102759
102773
102811
102978
102986
103026
103093
103123
103127
103128
103152
103213
103238
103249
103287
103350
103396
103401
103457
103466
103470
103479
103531
103661
103710
103751
103813
103829
103833
103836
103897
103899
103900
103980
103992
103995
104021
104084
104089
104114
104158
104160
104168
104195
104213
104284
104286
104301
104331
104342
104412
104455
104500
104502
104520
104531
104539
104545
104565
104573
104579
104584
104597
104619
104628
104652
104674
104722
104742
104747
104770
104805
104807
104821
104823
104883
104908
104954
104959
104983
105009
105017
105025
105070
105094
105098
105115
105117
105124
105131
105149
105154
105192
105243
105251
105264
105285
105286
105297
105340
105355
105356
105433
105434
105466
105469
105472
105526
105601
105677
105733
105758
105771
105810
105903
106006
106052
106064
106090
106099
106107
106114
106149
106165
106181
106198
106215
106248
106396
106422
106423
106424
106428
106461
106480
106481
106588
106620
106647
106664
106691
106692
106718
106719
106720
106721
106747
106749
106777
106785
106808
106835
106836
106855
106906
106964
107044
107066
107076
107086
107097
107176
107229
107270
107283
107322
107371
107415
107456
107462
107464
107467
107468
107493
107594
107611
107621
107627
107629
107702
107747
107783
107812
107825
107827
107869
107870
107875
107903
107920
107987
108008
108017
108104
108105
108110
108135
108219
108259
108261
108305
108316
108318
108328
108473
108501
108511
108547
108563
108573
108625
108644
108723
108726
108739
108757
108782
108808
108902
108911
108951
108952
108961
108998
109036
109092
109115
109158
109237
109304
109314
109315
109317
109339
109361
109395
109416
109417
109447
109464
109534
109555
109679
109686
109687
109689
109711
109717
109734
109738
109757
109760
109761
109762
109783
109785
109787
109790
109791
109794
109800
109801
109834
109836
109838
109848
109850
109852
109881
109882
109883
109896
109897
109898
109926
109927
109937
109948
109957
109998
110021
110090
110206
110253
110270
110313
110388
110439
110474
110586
110743
110760
110811
110856
110880
110890
110936
111114
111262
111316
111356
111407
111470
111497
111518
111551
111610
111734
111861
111958
112084
112167
112174
112270
112283
112325
112373
112544
112609
112840
112859
112957
113073
113117
113176
113498
113525
113626
113670
113675
113778
113827
113910
113928
114012
114101
114154
114326
114350
114368
114397
114406
114417
114525
114602
114625
114638
114658
114669
114690
114763
114797
114865
114911
114942
114949
115007
115150
115208
115525
115587
115726
115751
115993
116142
116208
116280
116443
116632
116648
116701
116819
116847
116902
116903
117022
117074
117078
117138
117140
117144
117147
117158
117165
117185
117209
117294
117329
117398
117429
117434
117448
117449
117450
117451
117452
117481
117636
117638
117715
117796
117855
117986
118175
118380
118384
118419
118429
118456
118472
118512
118649
118859
118944
118967
119036
119162
119325
119331
119339
119539
119585
119620
119926
120040
120061
120075
120084
120221
120289
120296
120320
120482
120501
120634
120653
120670
120738
120781
120944
121186
121232
121267
121427
121505
121641
121730
121841
121913
121965
122014
122213
122255
122608
122614
122624
122671
122676
122834
122958
123037
123069
123079
123129
123149
123178
123331
123337
123372
123455
123458
123459
123486
123628
123646
123725
123783
123891
123894
123955
124053
124117
124163
124369
124371
124389
124404
124570
124800
124806
124860
124989
124999
125063
125142
125177
125180
125189
125261
125270
125550
125677
125773
125973
126135
126156
126181
126200
126363
126389
126652
126806
126842
126844
126865
126997
127090
127130
127138
127224
127309
127479
127578
127666
127740
127849
127869
127953
128209
128226
128243
128384
128427
128442
128529
128531
128710
128768
128855
128859
128954
129073
129076
129398
129444
129458
129593
129647
129684
129961
130006
130015
130090
130352
130367
130381
130470
130780
130924
130948
131077
131092
131135
131226
131318
131486
131490
131497
131824
131907
131953
132135
132254
132298
132373
132450
132529
132565
132607
132695
132773
132845
132890
132959
133169
133477
133594
133712
133736
133816
133833
133956
134380
134445
134630
134663
134676
134742
134908
135216
135232
135314
135441
135445
135466
135660
135668
135827
135955
136150
136189
136274
136286
136305
136318
136420
136523
136587
136753
136790
136887
136936
136987
137019
137110
137144
137182
137191
137419
137473
137509
137673
137707
137784
137929
138189
138237
138371
138426
138591
138694
138698
138909
138951
138952
139063
139193
139246
139277
139440
139504
139602
139615
139650
139693
139734
139857
139950
140061
140208
140325
140420
140645
140707
140790
140852
140868
140906
141212
141302
141865
141948
142144
142481
142728
142758
142888
142930
142955
142987
143098
143113
143163
143304
143418
143508
143545
143604
143816
143832
143840
143913
143984
144003
144050
144174
144222
144262
144480
144524
144547
144583
144622
144624
144667
144676
144706
144716
144817
144826
145103
145173
145194
145221
145234
145318
145449
145484
145509
145580
145627
145689
145762
145777
145779
145804
145833
145897
145917
146048
146157
146229
146263
146372
146421
146486
146509
146585
146648
146909
146928
146958
146983
147045
147120
147586
147771
147927
147958
148090
148095
148189
148197
148201
148328
148523
148771
148832
148837
148871
148901
149301
149305
149308
149313
149523
149605
149623
149657
149770
149923
150085
150244
150263
150288
150309
150326
150352
150357
150398
150463
150465
150535
150601
150691
150692
150767
150774
150822
150840
150866
150912
150930
150936
150988
151061
151124
151142
151189
151311
151322
151363
151375
151408
151424
151515
151559
151842
151889
151918
152226
152319
152455
152552
152746
152804
152918
152955
152957
152959
152971
153148
153694
153727
153782
153807
153884
153885
153967
153996
154002
154068
154148
154297
154305
154336
154401
154437
154687
154729
154743
154762
154785
154824
155041
155186
155419
155561
155562
156071
156106
156224
156318
156334
156385
156388
156414
156651
156659
156696
156736
156876
157034
157035
157080
157347
157453
157484
157577
157954
157969
158173
158244
158628
158640
158748
158889
158987
159003
159023
159048
159189
159379
159389
159476
159492
159597
159646
159705
159796
159899
159916
159947
159959
159964
160057
160198
160474
160742
160836
160865
160953
160957
160984
161227
161363
161852
161863
161917
162003
162012
162037
162125
162216
162371
162541
163019
163584
163628
163647
163694
163741
163945
164100
164444
164455
164491
164903
164989
165046
165168
165449
165546
165822
165878
165980
166272
166301
166419
166656
166691
166751
166799
166812
166830
166932
167040
167245
167278
167304
167512
167613
167644
167787
167832
167878
167919
168076
168142
168370
168382
168404
168517
168583
168934
169059
169077
169239
169247
169288
169440
169547
169621
169635
169701
169715
169740
169794
169830
170009
170088
170102
170180
170191
170265
170466
170481
170567
170582
170814
170841
170854
170855
171124
171326
171486
171617
171800
171903
172069
172077
172354
172431
172484
172510
172628
172629
172832
172918
173165
173180
173187
173324
173344
173606
173763
173845
174095
174213
174853
174861
174886
175175
175181
175187
175407
175424
175526
175829
176004
176048
176059
176061
176139
176141
176310
176906
176942
177014
177260
177270
177549
177703
177769
178025
178030
178096
178119
178177
178432
178615
178732
178863
178966
178968
178971
179176
179190
179266
179308
179337
179591
179601
179802
179803
179815
180190
180413
180422
180496
180601
180606
180957
181113
181299
181321
181953
182061
182217
182438
182529
182679
182682
182715
182943
182980
182982
182983
182986
183046
183054
183173
183183
183185
183190
183369
183608
183653
183873
183996
184075
184121
184182
184512
184627
184911
184943
185166
185240
185270
185323
185658
185712
186392
186462
186606
186735
186802
186859
186948
187310
187448
187597
187718
187934
187971
188140
188175
188329
188425
188428
188471
188595
188848
189166
189453
189512
189613
189655
189691
189837
189843
189925
189972
190077
190374
190640
190671
190741
190802
190876
191100
191227
191380
191634
191784
191879
192147
192234
192272
192314
192515
192579
192623
192662
192739
192753
192861
192868
192896
192928
193085
193102
193249
193335
193536
193931
193948
194080
194101
194106
194144
194184
194200
194202
194427
194840
194853
194921
194983
194990
195168
195849
195872
196097
196142
196568
196657
196744
196746
196757
196761
196893
197053
197292
197314
197374
197411
197579
197580
197989
198375
198477
198481
198565
198611
198614
198898
199127
199183
199706
199738
199760
199980
200041
200054
200069
200086
200160
200164
200324
200443
200472
200589
200732
200890
200902
201124
201235
201277
201561
201615
201633
201915
201930
201998
202010
202286
202296
202335
202474
202496
202738
202808
203068
203218
203243
203248
203359
203377
203461
203685
203701
203747
203778
203793
203798
203871
203894
203925
203944
204022
204071
204124
204246
204266
204490
204646
204651
204776
204808
204838
204901
205002
205429
205466
205556
205574
205727
205826
205857
205887
205918
205924
206067
206162
206252
206413
206807
206916
207138
207178
207241
207532
207611
207615
207624
207676
207744
208399
208401
208719
209226
209293
209346
209650
209787
209841
209909
210121
210130
210238
210254
210267
210524
210754
210785
210870
211105
211184
211196
211200
211221
211233
211476
211477
211573
211624
211708
211730
211769
211779
211870
211927
211950
212039
212050
212210
212318
212376
212385
212396
212456
212520
212531
212537
212635
212721
212885
212955
213046
213410
213608
213650
213694
213746
213942
214029
214110
214181
214321
214415
214442
214449
214563
214576
214621
214800
214872
214873
214904
214991
215020
215051
215052
215254
215300
215336
215341
215407
215645
215697
215985
216061
216558
216646
216719
216783
216937
216961
217205
217210
217239
217252
217327
217500
217970
218567
218768
218810
218949
219169
219359
219376
219387
219438
219495
219621
219786
220024
220117
220129
220407
220534
220709
220782
220785
220832
222118
222268
222325
222380
222381
222662
223012
223103
223142
223569
223674
223720
223782
223810
224166
224226
224410
224481
224679
224688
224697
224823
225289
225316
225366
225515
225649
225873
226045
226145
226198
226246
226256
226302
226326
226453
226650
226724
226845
226851
226901
226969
227005
227078
227159
227219
227300
227366
227530
227531
227599
227807
228246
228340
228426
228431
228559
228611
228696
228717
228809
228857
228992
229038
229561
229658
229897
229902
229974
230029
230122
230191
230324
230394
230586
230589
230719
230834
230848
230908
231098
231283
231305
231326
231356
231740
231785
231786
231823
231825
231929
231932
232006
232077
232082
232139
232360
232386
232541
232656
232663
232754
232780
232885
232921
232943
233570
233795
234002
234058
234130
234131
234165
234168
234224
234247
234336
234353
234485
234565
234566
234666
234668
234719
234731
234859
234878
235011
235205
235484
235525
235541
235704
235897
235909
235919
235947
236107
236132
236135
236154
236176
236281
236321
236344
236354
236557
236823
236824
236850
236888
237042
237071
237078
237101
237170
237235
237535
237705
237906
237920
237942
237996
238006
238071
238137
238276
238304
238305
238359
238364
238411
238431
238434
238605
238622
238717
238725
238758
238813
238843
238958
238979
239006
239030
239032
239117
239257
239337
239452
239565
239638
239724
239919
239935
239980
240029
240051
240183
240319
240330
240331
240344
240406
240453
240543
240625
240662
240686
240912
240927
240993
240997
241055
241229
241427
241473
241529
241557
241581
241714
241905
242078
242357
242383
242385
242390
242587
242736
242860
242875
242945
242969
243127
243137
243143
243144
243272
243326
243380
243381
243394
243461
243573
243633
243641
243706
243713
243778
243839
243885
244391
244431
244438
244448
244481
244489
244502
244597
244628
244859
244864
244866
244907
245061
245070
245092
245310
245515
245564
245645
245694
245897
246224
246265
246414
246642
246742
246842
246893
246898
246940
246962
246965
247020
247047
247099
247209
247255
247269
247466
247479
247523
247612
247704
247752
247757
247838
247908
247936
248210
248238
248249
248292
248297
248501
248648
248716
248737
248792
248799
248810
248943
248980
249024
249071
249085
249177
249186
249204
249230
249244
249311
249334
249457
249488
249495
249530
249643
249707
249769
249857
249880
249930
250080
250109
250144
250159
250174
250297
250439
250587
250620
250705
250742
250868
250947
250956
251203
251218
251221
251339
251350
251373
251529
251531
251532
251713
251749
252209
252244
252448
252514
252611
252711
252738
252809
252935
253154
253245
253255
253271
253289
253377
253448
253665
253707
253758
253951
253966
254014
254020
254047
254171
254194
254299
254504
254583
254742
254779
254844
254878
254916
254983
255024
255085
255179
255220
255296
255422
255528
255598
255822
255825
255827
255868
255954
256025
256183
256196
256382
256408
256532
256795
256867
256942
256980
257323
257335
257689
257755
257798
257805
257851
258029
258050
258061
258362
258747
258809
259070
259111
259150
259152
259159
259166
259364
259443
259653
259719
259740
259790
259793
260006
260562
260590
260697
260734
260987
261142
261172
261199
261327
261329
261342
261347
261457
261513
261525
261547
261677
261692
261818
262071
262110
262182
262225
262229
262302
262399
262424
262431
262505
262513
262568
262662
262674
262727
262794
262896
262966
262980
263030
263154
263160
263215
263250
263310
263329
263356
263360
263375
263393
263394
263553
263877
263895
264031
264134
264293
264383
264446
264824
264827
264959
264996
265022
265292
265350
265375
265385
265606
265619
265625
265634
265742
265799
265809
265916
266044
266114
266199
266282
266300
266425
266469
266507
266575
266579
266631
266636
266678
266789
266851
266920
266965
267058
267061
267068
267160
267443
267544
267546
267615
267694
267753
267827
267834
267841
267993
268170
268280
268400
268402
268425
268439
268471
268515
268535
268689
268703
268781
268789
268890
268973
268996
269012
269092
269236
269332
269376
269392
269579
269803
269816
269821
270042
270046
270060
270115
270122
270485
270524
270595
270625
270660
270668
270857
270871
270950
271151
271209
271478
271551
271559
271621
271640
271654
271689
271692
271715
271848
271849
271873
271906
271939
271962
272015
272055
272165
272280
272302
272591
272614
272794
272802
272816
272836
272895
272967
272990
272992
272998
272999
273052
273103
273161
273163
273178
273247
273330
273345
273420
273426
273439
273440
273477
273480
273621
273665
273680
273770
273774
273784
274018
274050
274061
274091
274129
274180
274181
274212
274351
274352
274353
274428
274451
274468
274512
274578
274589
274605
274676
274682
274692
274730
274771
274784
274839
274880
274932
274982
274999
275000
275017
275056
275073
275088
275106
275113
275132
275136
275195
275298
275410
275660
275727
275755
275790
276036
276130
276161
276163
276172
276267
276517
276527
276538
276665
276688
276694
276737
276807
276832
276860
276868
276905
276909
277048
277052
277174
277198
277229
277248
277333
277367
277406
277425
277463
277493
277686
277738
277961
277987
277988
278040
278049
278143
278155
278401
278411
278415
278444
278514
278630
278680
278690
278715
278769
278812
278816
278876
278878
278886
279117
279165
279358
279397
279434
279445
279452
279625
279724
279769
279808
279859
279928
279932
279981
280061
280147
280153
280182
280211
280219
280250
280254
280295
280378
280387
280415
280462
280476
280511
280539
280551
280582
280623
280686
280718
280730
280744
280771
280780
280989
281120
281137
281232
281290
281372
281398
281558
281594
281648
281661
281704
281728
281770
281779
281839
282587
282760
282850
282894
283042
283128
283138
283178
283338
283405
283409
283415
283425
283448
283567
283605
283645
283724
283726
283736
283765
283831
283908
283939
283943
284243
284256
284546
284607
284855
284914
284935
284968
285097
285654
285689
285756
285769
285874
285965
286042
286060
286077
286216
286235
286424
286467
286493
286560
286586
286637
286645
286717
286739
286759
286780
286787
287050
